0.4,0.5,500,10,250,75,2.68758e-011,3.83941e-012
0.4,0.5,500,10,250,75.15,2.69296e-011,2.69296e-011
0.4,0.5,500,10,250,75.3,2.69833e-011,2.69833e-011
0.4,0.5,500,10,250,75.45,2.70371e-011,2.70371e-011
0.4,0.5,500,10,250,75.6,2.70908e-011,2.70908e-011
0.4,0.5,500,10,250,75.75,2.71446e-011,2.71446e-011
0.4,0.5,500,10,250,75.9,2.71984e-011,2.71984e-011
0.4,0.5,500,10,250,76.05,2.72521e-011,2.72521e-011
0.4,0.5,500,10,250,76.2,2.73059e-011,2.73059e-011
0.4,0.5,500,10,250,76.35,2.73596e-011,2.73596e-011
0.4,0.5,500,10,250,76.5,2.74134e-011,2.74134e-011
0.4,0.5,500,10,250,76.65,2.74671e-011,2.74671e-011
0.4,0.5,500,10,250,76.8,2.75209e-011,2.75209e-011
0.4,0.5,500,10,250,76.95,2.75746e-011,2.75746e-011
0.4,0.5,500,10,250,77.1,2.76284e-011,2.76284e-011
0.4,0.5,500,10,250,77.25,2.76821e-011,2.76821e-011
0.4,0.5,500,10,250,77.4,2.77359e-011,2.77359e-011
0.4,0.5,500,10,250,77.55,2.77896e-011,2.77896e-011
0.4,0.5,500,10,250,77.7,2.78434e-011,2.78434e-011
0.4,0.5,500,10,250,77.85,2.78971e-011,2.78971e-011
0.4,0.5,500,10,250,78,2.79509e-011,2.79509e-011
0.4,0.5,500,10,250,78.15,2.80046e-011,2.80046e-011
0.4,0.5,500,10,250,78.3,2.80584e-011,2.80584e-011
0.4,0.5,500,10,250,78.45,2.81121e-011,2.81121e-011
0.4,0.5,500,10,250,78.6,2.81659e-011,2.81659e-011
0.4,0.5,500,10,250,78.75,2.82196e-011,2.82196e-011
0.4,0.5,500,10,250,78.9,2.82734e-011,2.82734e-011
0.4,0.5,500,10,250,79.05,2.83271e-011,2.83271e-011
0.4,0.5,500,10,250,79.2,2.83809e-011,2.83809e-011
0.4,0.5,500,10,250,79.35,2.84346e-011,2.84346e-011
0.4,0.5,500,10,250,79.5,2.84884e-011,2.84884e-011
0.4,0.5,500,10,250,79.65,2.85421e-011,2.85421e-011
0.4,0.5,500,10,250,79.8,2.85959e-011,2.85959e-011
0.4,0.5,500,10,250,79.95,2.86496e-011,2.86496e-011
0.4,0.5,500,10,250,80.1,2.87034e-011,2.87034e-011
0.4,0.5,500,10,250,80.25,2.87571e-011,2.87571e-011
0.4,0.5,500,10,250,80.4,2.88109e-011,2.88109e-011
0.4,0.5,500,10,250,80.55,2.88647e-011,2.88647e-011
0.4,0.5,500,10,250,80.7,2.89184e-011,2.89184e-011
0.4,0.5,500,10,250,80.85,2.89722e-011,2.89722e-011
0.4,0.5,500,10,250,81,2.90259e-011,2.90259e-011
0.4,0.5,500,10,250,81.15,2.90797e-011,2.90797e-011
0.4,0.5,500,10,250,81.3,2.91334e-011,2.91334e-011
0.4,0.5,500,10,250,81.45,2.91872e-011,2.91872e-011
0.4,0.5,500,10,250,81.6,2.92409e-011,2.92409e-011
0.4,0.5,500,10,250,81.75,2.92947e-011,2.92947e-011
0.4,0.5,500,10,250,81.9,2.93484e-011,2.93484e-011
0.4,0.5,500,10,250,82.05,2.94022e-011,2.94022e-011
0.4,0.5,500,10,250,82.2,2.94559e-011,2.94559e-011
0.4,0.5,500,10,250,82.35,2.95097e-011,2.95097e-011
0.4,0.5,500,10,250,82.5,2.95634e-011,2.95634e-011
0.4,0.5,500,10,250,82.65,2.96172e-011,2.96172e-011
0.4,0.5,500,10,250,82.8,2.96709e-011,2.96709e-011
0.4,0.5,500,10,250,82.95,2.97247e-011,2.97247e-011
0.4,0.5,500,10,250,83.1,2.97784e-011,2.97784e-011
0.4,0.5,500,10,250,83.25,2.98322e-011,2.98322e-011
0.4,0.5,500,10,250,83.4,2.98859e-011,2.98859e-011
0.4,0.5,500,10,250,83.55,2.99397e-011,2.99397e-011
0.4,0.5,500,10,250,83.7,2.99934e-011,2.99934e-011
0.4,0.5,500,10,250,83.85,3.00472e-011,3.00472e-011
0.4,0.5,500,10,250,84,3.01009e-011,3.01009e-011
0.4,0.5,500,10,250,84.15,3.01547e-011,3.01547e-011
0.4,0.5,500,10,250,84.3,3.02084e-011,3.02084e-011
0.4,0.5,500,10,250,84.45,3.02622e-011,3.02622e-011
0.4,0.5,500,10,250,84.6,3.03159e-011,3.03159e-011
0.4,0.5,500,10,250,84.75,3.03697e-011,3.03697e-011
0.4,0.5,500,10,250,84.9,3.04235e-011,3.04235e-011
0.4,0.5,500,10,250,85.05,3.04772e-011,3.04772e-011
0.4,0.5,500,10,250,85.2,3.0531e-011,3.0531e-011
0.4,0.5,500,10,250,85.35,3.05847e-011,3.05847e-011
0.4,0.5,500,10,250,85.5,3.06385e-011,3.06385e-011
0.4,0.5,500,10,250,85.65,3.06922e-011,3.06922e-011
0.4,0.5,500,10,250,85.8,3.0746e-011,3.0746e-011
0.4,0.5,500,10,250,85.95,3.07997e-011,3.07997e-011
0.4,0.5,500,10,250,86.1,3.08535e-011,3.08535e-011
0.4,0.5,500,10,250,86.25,3.09072e-011,3.09072e-011
0.4,0.5,500,10,250,86.4,3.0961e-011,3.0961e-011
0.4,0.5,500,10,250,86.55,3.10147e-011,3.10147e-011
0.4,0.5,500,10,250,86.7,3.10685e-011,3.10685e-011
0.4,0.5,500,10,250,86.85,3.11222e-011,3.11222e-011
0.4,0.5,500,10,250,87,3.1176e-011,3.1176e-011
0.4,0.5,500,10,250,87.15,3.12297e-011,3.12297e-011
0.4,0.5,500,10,250,87.3,3.12835e-011,3.12835e-011
0.4,0.5,500,10,250,87.45,3.13372e-011,3.13372e-011
0.4,0.5,500,10,250,87.6,3.1391e-011,3.1391e-011
0.4,0.5,500,10,250,87.75,3.14447e-011,3.14447e-011
0.4,0.5,500,10,250,87.9,3.14985e-011,3.14985e-011
0.4,0.5,500,10,250,88.05,3.15522e-011,3.15522e-011
0.4,0.5,500,10,250,88.2,3.1606e-011,3.1606e-011
0.4,0.5,500,10,250,88.35,3.16597e-011,3.16597e-011
0.4,0.5,500,10,250,88.5,3.17135e-011,3.17135e-011
0.4,0.5,500,10,250,88.65,3.17672e-011,3.17672e-011
0.4,0.5,500,10,250,88.8,3.1821e-011,3.1821e-011
0.4,0.5,500,10,250,88.95,3.18747e-011,3.18747e-011
0.4,0.5,500,10,250,89.1,3.19285e-011,3.19285e-011
0.4,0.5,500,10,250,89.25,3.19823e-011,3.19823e-011
0.4,0.5,500,10,250,89.4,3.2036e-011,3.2036e-011
0.4,0.5,500,10,250,89.55,3.20898e-011,3.20898e-011
0.4,0.5,500,10,250,89.7,3.21435e-011,3.21435e-011
0.4,0.5,500,10,250,89.85,3.21973e-011,3.21973e-011
0.4,0.5,500,10,250,90,3.2251e-011,3.2251e-011
0.4,0.5,500,10,250,90.15,3.23048e-011,3.23048e-011
0.4,0.5,500,10,250,90.3,3.23585e-011,3.23585e-011
0.4,0.5,500,10,250,90.45,3.24123e-011,3.24123e-011
0.4,0.5,500,10,250,90.6,3.2466e-011,3.2466e-011
0.4,0.5,500,10,250,90.75,3.25198e-011,3.25198e-011
0.4,0.5,500,10,250,90.9,3.25735e-011,3.25735e-011
0.4,0.5,500,10,250,91.05,3.26273e-011,3.26273e-011
0.4,0.5,500,10,250,91.2,3.2681e-011,3.2681e-011
0.4,0.5,500,10,250,91.35,3.27348e-011,3.27348e-011
0.4,0.5,500,10,250,91.5,3.27885e-011,3.27885e-011
0.4,0.5,500,10,250,91.65,3.28423e-011,3.28423e-011
0.4,0.5,500,10,250,91.8,3.2896e-011,3.2896e-011
0.4,0.5,500,10,250,91.95,3.29498e-011,3.29498e-011
0.4,0.5,500,10,250,92.1,3.30035e-011,3.30035e-011
0.4,0.5,500,10,250,92.25,3.30573e-011,3.30573e-011
0.4,0.5,500,10,250,92.4,3.3111e-011,3.3111e-011
0.4,0.5,500,10,250,92.55,3.31648e-011,3.31648e-011
0.4,0.5,500,10,250,92.7,3.32185e-011,3.32185e-011
0.4,0.5,500,10,250,92.85,3.32723e-011,3.32723e-011
0.4,0.5,500,10,250,93,3.3326e-011,3.3326e-011
0.4,0.5,500,10,250,93.15,3.33798e-011,3.33798e-011
0.4,0.5,500,10,250,93.3,3.34335e-011,3.34335e-011
0.4,0.5,500,10,250,93.45,3.34873e-011,3.34873e-011
0.4,0.5,500,10,250,93.6,3.3541e-011,3.3541e-011
0.4,0.5,500,10,250,93.75,3.35948e-011,3.35948e-011
0.4,0.5,500,10,250,93.9,3.36486e-011,3.36486e-011
0.4,0.5,500,10,250,94.05,3.37023e-011,3.37023e-011
0.4,0.5,500,10,250,94.2,3.37561e-011,3.37561e-011
0.4,0.5,500,10,250,94.35,3.38098e-011,3.38098e-011
0.4,0.5,500,10,250,94.5,3.38636e-011,3.38636e-011
0.4,0.5,500,10,250,94.65,3.39173e-011,3.39173e-011
0.4,0.5,500,10,250,94.8,3.39711e-011,3.39711e-011
0.4,0.5,500,10,250,94.95,3.40248e-011,3.40248e-011
0.4,0.5,500,10,250,95.1,3.40786e-011,3.40786e-011
0.4,0.5,500,10,250,95.25,3.41323e-011,3.41323e-011
0.4,0.5,500,10,250,95.4,3.41861e-011,3.41861e-011
0.4,0.5,500,10,250,95.55,3.42398e-011,3.42398e-011
0.4,0.5,500,10,250,95.7,3.42936e-011,3.42936e-011
0.4,0.5,500,10,250,95.85,3.43473e-011,3.43473e-011
0.4,0.5,500,10,250,96,3.44011e-011,3.44011e-011
0.4,0.5,500,10,250,96.15,3.44548e-011,3.44548e-011
0.4,0.5,500,10,250,96.3,3.45086e-011,3.45086e-011
0.4,0.5,500,10,250,96.45,3.45623e-011,3.45623e-011
0.4,0.5,500,10,250,96.6,3.46161e-011,3.46161e-011
0.4,0.5,500,10,250,96.75,3.46698e-011,3.46698e-011
0.4,0.5,500,10,250,96.9,3.47236e-011,3.47236e-011
0.4,0.5,500,10,250,97.05,3.47773e-011,3.47773e-011
0.4,0.5,500,10,250,97.2,3.48311e-011,3.48311e-011
0.4,0.5,500,10,250,97.35,3.48848e-011,3.48848e-011
0.4,0.5,500,10,250,97.5,3.49386e-011,3.49386e-011
0.4,0.5,500,10,250,97.65,3.49923e-011,3.49923e-011
0.4,0.5,500,10,250,97.8,3.50461e-011,3.50461e-011
0.4,0.5,500,10,250,97.95,3.50998e-011,3.50998e-011
0.4,0.5,500,10,250,98.1,3.51536e-011,3.51536e-011
0.4,0.5,500,10,250,98.25,3.52074e-011,3.52074e-011
0.4,0.5,500,10,250,98.4,3.52611e-011,3.52611e-011
0.4,0.5,500,10,250,98.55,3.53149e-011,3.53149e-011
0.4,0.5,500,10,250,98.7,3.53686e-011,3.53686e-011
0.4,0.5,500,10,250,98.85,3.54224e-011,3.54224e-011
0.4,0.5,500,10,250,99,3.54761e-011,3.54761e-011
0.4,0.5,500,10,250,99.15,3.55299e-011,3.55299e-011
0.4,0.5,500,10,250,99.3,3.55836e-011,3.55836e-011
0.4,0.5,500,10,250,99.45,3.56374e-011,3.56374e-011
0.4,0.5,500,10,250,99.6,3.56911e-011,3.56911e-011
0.4,0.5,500,10,250,99.75,3.57449e-011,3.57449e-011
0.4,0.5,500,10,250,99.9,3.57986e-011,3.57986e-011
0.4,0.5,500,10,250,100.05,3.58524e-011,3.58524e-011
0.4,0.5,500,10,250,100.2,3.59061e-011,3.59061e-011
0.4,0.5,500,10,250,100.35,3.59599e-011,3.59599e-011
0.4,0.5,500,10,250,100.5,3.60136e-011,3.60136e-011
0.4,0.5,500,10,250,100.65,3.60674e-011,3.60674e-011
0.4,0.5,500,10,250,100.8,3.61211e-011,3.61211e-011
0.4,0.5,500,10,250,100.95,3.61749e-011,3.61749e-011
0.4,0.5,500,10,250,101.1,3.62286e-011,3.62286e-011
0.4,0.5,500,10,250,101.25,3.62824e-011,3.62824e-011
0.4,0.5,500,10,250,101.4,3.63361e-011,3.63361e-011
0.4,0.5,500,10,250,101.55,3.63899e-011,3.63899e-011
0.4,0.5,500,10,250,101.7,3.64436e-011,3.64436e-011
0.4,0.5,500,10,250,101.85,3.64974e-011,3.64974e-011
0.4,0.5,500,10,250,102,3.65511e-011,3.65511e-011
0.4,0.5,500,10,250,102.15,3.66049e-011,3.66049e-011
0.4,0.5,500,10,250,102.3,3.66586e-011,3.66586e-011
0.4,0.5,500,10,250,102.45,3.67124e-011,3.67124e-011
0.4,0.5,500,10,250,102.6,3.67661e-011,3.67661e-011
0.4,0.5,500,10,250,102.75,3.68199e-011,3.68199e-011
0.4,0.5,500,10,250,102.9,3.68737e-011,3.68737e-011
0.4,0.5,500,10,250,103.05,3.69274e-011,3.69274e-011
0.4,0.5,500,10,250,103.2,3.69812e-011,3.69812e-011
0.4,0.5,500,10,250,103.35,3.70349e-011,3.70349e-011
0.4,0.5,500,10,250,103.5,3.70887e-011,3.70887e-011
0.4,0.5,500,10,250,103.65,3.71424e-011,3.71424e-011
0.4,0.5,500,10,250,103.8,3.71962e-011,3.71962e-011
0.4,0.5,500,10,250,103.95,3.72499e-011,3.72499e-011
0.4,0.5,500,10,250,104.1,3.73037e-011,3.73037e-011
0.4,0.5,500,10,250,104.25,3.73574e-011,3.73574e-011
0.4,0.5,500,10,250,104.4,3.74112e-011,3.74112e-011
0.4,0.5,500,10,250,104.55,3.74649e-011,3.74649e-011
0.4,0.5,500,10,250,104.7,3.75187e-011,3.75187e-011
0.4,0.5,500,10,250,104.85,3.75724e-011,3.75724e-011
0.4,0.5,500,10,250,105,3.76262e-011,3.76262e-011
0.4,0.5,500,10,250,105.15,3.76799e-011,3.76799e-011
0.4,0.5,500,10,250,105.3,3.77337e-011,3.77337e-011
0.4,0.5,500,10,250,105.45,3.77874e-011,3.77874e-011
0.4,0.5,500,10,250,105.6,3.78412e-011,3.78412e-011
0.4,0.5,500,10,250,105.75,3.78949e-011,3.78949e-011
0.4,0.5,500,10,250,105.9,3.79487e-011,3.79487e-011
0.4,0.5,500,10,250,106.05,3.80024e-011,3.80024e-011
0.4,0.5,500,10,250,106.2,3.80562e-011,3.80562e-011
0.4,0.5,500,10,250,106.35,3.81099e-011,3.81099e-011
0.4,0.5,500,10,250,106.5,3.81637e-011,3.81637e-011
0.4,0.5,500,10,250,106.65,3.82174e-011,3.82174e-011
0.4,0.5,500,10,250,106.8,3.82712e-011,3.82712e-011
0.4,0.5,500,10,250,106.95,3.83249e-011,3.83249e-011
0.4,0.5,500,10,250,107.1,3.83787e-011,3.83787e-011
0.4,0.5,500,10,250,107.25,3.84325e-011,3.84325e-011
0.4,0.5,500,10,250,107.4,3.84862e-011,3.84862e-011
0.4,0.5,500,10,250,107.55,3.854e-011,3.854e-011
0.4,0.5,500,10,250,107.7,3.85937e-011,3.85937e-011
0.4,0.5,500,10,250,107.85,3.86475e-011,3.86475e-011
0.4,0.5,500,10,250,108,3.87012e-011,3.87012e-011
0.4,0.5,500,10,250,108.15,3.8755e-011,3.8755e-011
0.4,0.5,500,10,250,108.3,3.88087e-011,3.88087e-011
0.4,0.5,500,10,250,108.45,3.88625e-011,3.88625e-011
0.4,0.5,500,10,250,108.6,3.89162e-011,3.89162e-011
0.4,0.5,500,10,250,108.75,3.897e-011,3.897e-011
0.4,0.5,500,10,250,108.9,3.90237e-011,3.90237e-011
0.4,0.5,500,10,250,109.05,3.90775e-011,3.90775e-011
0.4,0.5,500,10,250,109.2,3.91312e-011,3.91312e-011
0.4,0.5,500,10,250,109.35,3.9185e-011,3.9185e-011
0.4,0.5,500,10,250,109.5,3.92387e-011,3.92387e-011
0.4,0.5,500,10,250,109.65,3.92925e-011,3.92925e-011
0.4,0.5,500,10,250,109.8,3.93462e-011,3.93462e-011
0.4,0.5,500,10,250,109.95,3.94e-011,3.94e-011
0.4,0.5,500,10,250,110.1,3.94537e-011,3.94537e-011
0.4,0.5,500,10,250,110.25,3.95075e-011,3.95075e-011
0.4,0.5,500,10,250,110.4,3.95612e-011,3.95612e-011
0.4,0.5,500,10,250,110.55,3.9615e-011,3.9615e-011
0.4,0.5,500,10,250,110.7,3.96687e-011,3.96687e-011
0.4,0.5,500,10,250,110.85,3.97225e-011,3.97225e-011
0.4,0.5,500,10,250,111,3.97762e-011,3.97762e-011
0.4,0.5,500,10,250,111.15,3.983e-011,3.983e-011
0.4,0.5,500,10,250,111.3,3.98837e-011,3.98837e-011
0.4,0.5,500,10,250,111.45,3.99375e-011,3.99375e-011
0.4,0.5,500,10,250,111.6,3.99913e-011,3.99913e-011
0.4,0.5,500,10,250,111.75,4.0045e-011,4.0045e-011
0.4,0.5,500,10,250,111.9,4.00988e-011,4.00988e-011
0.4,0.5,500,10,250,112.05,4.01525e-011,4.01525e-011
0.4,0.5,500,10,250,112.2,4.02063e-011,4.02063e-011
0.4,0.5,500,10,250,112.35,4.026e-011,4.026e-011
0.4,0.5,500,10,250,112.5,4.03138e-011,4.03138e-011
0.4,0.5,500,10,250,112.65,4.03675e-011,4.03675e-011
0.4,0.5,500,10,250,112.8,4.04213e-011,4.04213e-011
0.4,0.5,500,10,250,112.95,4.0475e-011,4.0475e-011
0.4,0.5,500,10,250,113.1,4.05288e-011,4.05288e-011
0.4,0.5,500,10,250,113.25,4.05825e-011,4.05825e-011
0.4,0.5,500,10,250,113.4,4.06363e-011,4.06363e-011
0.4,0.5,500,10,250,113.55,4.069e-011,4.069e-011
0.4,0.5,500,10,250,113.7,4.07438e-011,4.07438e-011
0.4,0.5,500,10,250,113.85,4.07975e-011,4.07975e-011
0.4,0.5,500,10,250,114,4.08513e-011,4.08513e-011
0.4,0.5,500,10,250,114.15,4.0905e-011,4.0905e-011
0.4,0.5,500,10,250,114.3,4.09588e-011,4.09588e-011
0.4,0.5,500,10,250,114.45,4.10125e-011,4.10125e-011
0.4,0.5,500,10,250,114.6,4.10663e-011,4.10663e-011
0.4,0.5,500,10,250,114.75,4.112e-011,4.112e-011
0.4,0.5,500,10,250,114.9,4.11738e-011,4.11738e-011
0.4,0.5,500,10,250,115.05,4.12275e-011,4.12275e-011
0.4,0.5,500,10,250,115.2,4.12813e-011,4.12813e-011
0.4,0.5,500,10,250,115.35,4.1335e-011,4.1335e-011
0.4,0.5,500,10,250,115.5,4.13888e-011,4.13888e-011
0.4,0.5,500,10,250,115.65,4.14425e-011,4.14425e-011
0.4,0.5,500,10,250,115.8,4.14963e-011,4.14963e-011
0.4,0.5,500,10,250,115.95,4.155e-011,4.155e-011
0.4,0.5,500,10,250,116.1,4.16038e-011,4.16038e-011
0.4,0.5,500,10,250,116.25,4.16576e-011,4.16576e-011
0.4,0.5,500,10,250,116.4,4.17113e-011,4.17113e-011
0.4,0.5,500,10,250,116.55,4.17651e-011,4.17651e-011
0.4,0.5,500,10,250,116.7,4.18188e-011,4.18188e-011
0.4,0.5,500,10,250,116.85,4.18726e-011,4.18726e-011
0.4,0.5,500,10,250,117,4.19263e-011,4.19263e-011
0.4,0.5,500,10,250,117.15,4.19801e-011,4.19801e-011
0.4,0.5,500,10,250,117.3,4.20338e-011,4.20338e-011
0.4,0.5,500,10,250,117.45,4.20876e-011,4.20876e-011
0.4,0.5,500,10,250,117.6,4.21413e-011,4.21413e-011
0.4,0.5,500,10,250,117.75,4.21951e-011,4.21951e-011
0.4,0.5,500,10,250,117.9,4.22488e-011,4.22488e-011
0.4,0.5,500,10,250,118.05,4.23026e-011,4.23026e-011
0.4,0.5,500,10,250,118.2,4.23563e-011,4.23563e-011
0.4,0.5,500,10,250,118.35,4.24101e-011,4.24101e-011
0.4,0.5,500,10,250,118.5,4.24638e-011,4.24638e-011
0.4,0.5,500,10,250,118.65,4.25176e-011,4.25176e-011
0.4,0.5,500,10,250,118.8,4.25713e-011,4.25713e-011
0.4,0.5,500,10,250,118.95,4.26251e-011,4.26251e-011
0.4,0.5,500,10,250,119.1,4.26788e-011,4.26788e-011
0.4,0.5,500,10,250,119.25,4.27326e-011,4.27326e-011
0.4,0.5,500,10,250,119.4,4.27863e-011,4.27863e-011
0.4,0.5,500,10,250,119.55,4.28401e-011,4.28401e-011
0.4,0.5,500,10,250,119.7,4.28938e-011,4.28938e-011
0.4,0.5,500,10,250,119.85,4.29476e-011,4.29476e-011
0.4,0.5,500,10,250,120,4.30013e-011,4.30013e-011
0.4,0.5,500,10,250,120.15,4.30551e-011,4.30551e-011
0.4,0.5,500,10,250,120.3,4.31088e-011,4.31088e-011
0.4,0.5,500,10,250,120.45,4.31626e-011,4.31626e-011
0.4,0.5,500,10,250,120.6,4.32164e-011,4.32164e-011
0.4,0.5,500,10,250,120.75,4.32701e-011,4.32701e-011
0.4,0.5,500,10,250,120.9,4.33239e-011,4.33239e-011
0.4,0.5,500,10,250,121.05,4.33776e-011,4.33776e-011
0.4,0.5,500,10,250,121.2,4.34314e-011,4.34314e-011
0.4,0.5,500,10,250,121.35,4.34851e-011,4.34851e-011
0.4,0.5,500,10,250,121.5,4.35389e-011,4.35389e-011
0.4,0.5,500,10,250,121.65,4.35926e-011,4.35926e-011
0.4,0.5,500,10,250,121.8,4.36464e-011,4.36464e-011
0.4,0.5,500,10,250,121.95,4.37001e-011,4.37001e-011
0.4,0.5,500,10,250,122.1,4.37539e-011,4.37539e-011
0.4,0.5,500,10,250,122.25,4.38076e-011,4.38076e-011
0.4,0.5,500,10,250,122.4,4.38614e-011,4.38614e-011
0.4,0.5,500,10,250,122.55,4.39151e-011,4.39151e-011
0.4,0.5,500,10,250,122.7,4.39689e-011,4.39689e-011
0.4,0.5,500,10,250,122.85,4.40226e-011,4.40226e-011
0.4,0.5,500,10,250,123,4.40764e-011,4.40764e-011
0.4,0.5,500,10,250,123.15,4.41301e-011,4.41301e-011
0.4,0.5,500,10,250,123.3,4.41839e-011,4.41839e-011
0.4,0.5,500,10,250,123.45,4.42376e-011,4.42376e-011
0.4,0.5,500,10,250,123.6,4.42914e-011,4.42914e-011
0.4,0.5,500,10,250,123.75,4.43451e-011,4.43451e-011
0.4,0.5,500,10,250,123.9,4.43989e-011,4.43989e-011
0.4,0.5,500,10,250,124.05,4.44526e-011,4.44526e-011
0.4,0.5,500,10,250,124.2,4.45064e-011,4.45064e-011
0.4,0.5,500,10,250,124.35,4.45601e-011,4.45601e-011
0.4,0.5,500,10,250,124.5,4.46139e-011,4.46139e-011
0.4,0.5,500,10,250,124.65,4.46676e-011,4.46676e-011
0.4,0.5,500,10,250,124.8,4.47214e-011,4.47214e-011
0.4,0.5,500,10,250,124.95,4.47752e-011,4.47752e-011
0.4,0.5,500,10,250,125.1,4.48289e-011,4.48289e-011
0.4,0.5,500,10,250,125.25,4.48827e-011,4.48827e-011
0.4,0.5,500,10,250,125.4,4.49364e-011,4.49364e-011
0.4,0.5,500,10,250,125.55,4.49902e-011,4.49902e-011
0.4,0.5,500,10,250,125.7,4.50439e-011,4.50439e-011
0.4,0.5,500,10,250,125.85,4.50977e-011,4.50977e-011
0.4,0.5,500,10,250,126,4.51514e-011,4.51514e-011
0.4,0.5,500,10,250,126.15,4.52052e-011,4.52052e-011
0.4,0.5,500,10,250,126.3,4.52589e-011,4.52589e-011
0.4,0.5,500,10,250,126.45,4.53127e-011,4.53127e-011
0.4,0.5,500,10,250,126.6,4.53664e-011,4.53664e-011
0.4,0.5,500,10,250,126.75,4.54202e-011,4.54202e-011
0.4,0.5,500,10,250,126.9,4.54739e-011,4.54739e-011
0.4,0.5,500,10,250,127.05,4.55277e-011,4.55277e-011
0.4,0.5,500,10,250,127.2,4.55814e-011,4.55814e-011
0.4,0.5,500,10,250,127.35,4.56352e-011,4.56352e-011
0.4,0.5,500,10,250,127.5,4.56889e-011,4.56889e-011
0.4,0.5,500,10,250,127.65,4.57427e-011,4.57427e-011
0.4,0.5,500,10,250,127.8,4.57964e-011,4.57964e-011
0.4,0.5,500,10,250,127.95,4.58502e-011,4.58502e-011
0.4,0.5,500,10,250,128.1,4.59039e-011,4.59039e-011
0.4,0.5,500,10,250,128.25,4.59577e-011,4.59577e-011
0.4,0.5,500,10,250,128.4,4.60114e-011,4.60114e-011
0.4,0.5,500,10,250,128.55,4.60652e-011,4.60652e-011
0.4,0.5,500,10,250,128.7,4.61189e-011,4.61189e-011
0.4,0.5,500,10,250,128.85,4.61727e-011,4.61727e-011
0.4,0.5,500,10,250,129,4.62264e-011,4.62264e-011
0.4,0.5,500,10,250,129.15,4.62802e-011,4.62802e-011
0.4,0.5,500,10,250,129.3,4.63339e-011,4.63339e-011
0.4,0.5,500,10,250,129.45,4.63877e-011,4.63877e-011
0.4,0.5,500,10,250,129.6,4.64415e-011,4.64415e-011
0.4,0.5,500,10,250,129.75,4.64952e-011,4.64952e-011
0.4,0.5,500,10,250,129.9,4.6549e-011,4.6549e-011
0.4,0.5,500,10,250,130.05,4.66027e-011,4.66027e-011
0.4,0.5,500,10,250,130.2,4.66565e-011,4.66565e-011
0.4,0.5,500,10,250,130.35,4.67102e-011,4.67102e-011
0.4,0.5,500,10,250,130.5,4.6764e-011,4.6764e-011
0.4,0.5,500,10,250,130.65,4.68177e-011,4.68177e-011
0.4,0.5,500,10,250,130.8,4.68715e-011,4.68715e-011
0.4,0.5,500,10,250,130.95,4.69252e-011,4.69252e-011
0.4,0.5,500,10,250,131.1,4.6979e-011,4.6979e-011
0.4,0.5,500,10,250,131.25,4.70327e-011,4.70327e-011
0.4,0.5,500,10,250,131.4,4.70865e-011,4.70865e-011
0.4,0.5,500,10,250,131.55,4.71402e-011,4.71402e-011
0.4,0.5,500,10,250,131.7,4.7194e-011,4.7194e-011
0.4,0.5,500,10,250,131.85,4.72477e-011,4.72477e-011
0.4,0.5,500,10,250,132,4.73015e-011,4.73015e-011
0.4,0.5,500,10,250,132.15,4.73552e-011,4.73552e-011
0.4,0.5,500,10,250,132.3,4.7409e-011,4.7409e-011
0.4,0.5,500,10,250,132.45,4.74627e-011,4.74627e-011
0.4,0.5,500,10,250,132.6,4.75165e-011,4.75165e-011
0.4,0.5,500,10,250,132.75,4.75702e-011,4.75702e-011
0.4,0.5,500,10,250,132.9,4.7624e-011,4.7624e-011
0.4,0.5,500,10,250,133.05,4.76777e-011,4.76777e-011
0.4,0.5,500,10,250,133.2,4.77315e-011,4.77315e-011
0.4,0.5,500,10,250,133.35,4.77852e-011,4.77852e-011
0.4,0.5,500,10,250,133.5,4.7839e-011,4.7839e-011
0.4,0.5,500,10,250,133.65,4.78927e-011,4.78927e-011
0.4,0.5,500,10,250,133.8,4.79465e-011,4.79465e-011
0.4,0.5,500,10,250,133.95,4.80003e-011,4.80003e-011
0.4,0.5,500,10,250,134.1,4.8054e-011,4.8054e-011
0.4,0.5,500,10,250,134.25,4.81078e-011,4.81078e-011
0.4,0.5,500,10,250,134.4,4.81615e-011,4.81615e-011
0.4,0.5,500,10,250,134.55,4.82153e-011,4.82153e-011
0.4,0.5,500,10,250,134.7,4.8269e-011,4.8269e-011
0.4,0.5,500,10,250,134.85,4.83228e-011,4.83228e-011
0.4,0.5,500,10,250,135,4.83765e-011,4.83765e-011
0.4,0.5,500,10,250,135.15,4.84303e-011,4.84303e-011
0.4,0.5,500,10,250,135.3,4.8484e-011,4.8484e-011
0.4,0.5,500,10,250,135.45,4.85378e-011,4.85378e-011
0.4,0.5,500,10,250,135.6,4.85915e-011,4.85915e-011
0.4,0.5,500,10,250,135.75,4.86453e-011,4.86453e-011
0.4,0.5,500,10,250,135.9,4.8699e-011,4.8699e-011
0.4,0.5,500,10,250,136.05,4.87528e-011,4.87528e-011
0.4,0.5,500,10,250,136.2,4.88065e-011,4.88065e-011
0.4,0.5,500,10,250,136.35,4.88603e-011,4.88603e-011
0.4,0.5,500,10,250,136.5,4.8914e-011,4.8914e-011
0.4,0.5,500,10,250,136.65,4.89678e-011,4.89678e-011
0.4,0.5,500,10,250,136.8,4.90215e-011,4.90215e-011
0.4,0.5,500,10,250,136.95,4.90753e-011,4.90753e-011
0.4,0.5,500,10,250,137.1,4.9129e-011,4.9129e-011
0.4,0.5,500,10,250,137.25,4.91828e-011,4.91828e-011
0.4,0.5,500,10,250,137.4,4.92365e-011,4.92365e-011
0.4,0.5,500,10,250,137.55,4.92903e-011,4.92903e-011
0.4,0.5,500,10,250,137.7,4.9344e-011,4.9344e-011
0.4,0.5,500,10,250,137.85,4.93978e-011,4.93978e-011
0.4,0.5,500,10,250,138,4.94515e-011,4.94515e-011
0.4,0.5,500,10,250,138.15,4.95053e-011,4.95053e-011
0.4,0.5,500,10,250,138.3,4.9559e-011,4.9559e-011
0.4,0.5,500,10,250,138.45,4.96128e-011,4.96128e-011
0.4,0.5,500,10,250,138.6,4.96666e-011,4.96666e-011
0.4,0.5,500,10,250,138.75,4.97203e-011,4.97203e-011
0.4,0.5,500,10,250,138.9,4.97741e-011,4.97741e-011
0.4,0.5,500,10,250,139.05,4.98278e-011,4.98278e-011
0.4,0.5,500,10,250,139.2,4.98816e-011,4.98816e-011
0.4,0.5,500,10,250,139.35,4.99353e-011,4.99353e-011
0.4,0.5,500,10,250,139.5,4.99891e-011,4.99891e-011
0.4,0.5,500,10,250,139.65,5.00428e-011,5.00428e-011
0.4,0.5,500,10,250,139.8,5.00966e-011,5.00966e-011
0.4,0.5,500,10,250,139.95,5.01503e-011,5.01503e-011
0.4,0.5,500,10,250,140.1,5.02041e-011,5.02041e-011
0.4,0.5,500,10,250,140.25,5.02578e-011,5.02578e-011
0.4,0.5,500,10,250,140.4,5.03116e-011,5.03116e-011
0.4,0.5,500,10,250,140.55,5.03653e-011,5.03653e-011
0.4,0.5,500,10,250,140.7,5.04191e-011,5.04191e-011
0.4,0.5,500,10,250,140.85,5.04728e-011,5.04728e-011
0.4,0.5,500,10,250,141,5.05266e-011,5.05266e-011
0.4,0.5,500,10,250,141.15,5.05803e-011,5.05803e-011
0.4,0.5,500,10,250,141.3,5.06341e-011,5.06341e-011
0.4,0.5,500,10,250,141.45,5.06878e-011,5.06878e-011
0.4,0.5,500,10,250,141.6,5.07416e-011,5.07416e-011
0.4,0.5,500,10,250,141.75,5.07953e-011,5.07953e-011
0.4,0.5,500,10,250,141.9,5.08491e-011,5.08491e-011
0.4,0.5,500,10,250,142.05,5.09028e-011,5.09028e-011
0.4,0.5,500,10,250,142.2,5.09566e-011,5.09566e-011
0.4,0.5,500,10,250,142.35,5.10103e-011,5.10103e-011
0.4,0.5,500,10,250,142.5,5.10641e-011,5.10641e-011
0.4,0.5,500,10,250,142.65,5.11178e-011,5.11178e-011
0.4,0.5,500,10,250,142.8,5.11716e-011,5.11716e-011
0.4,0.5,500,10,250,142.95,5.12254e-011,5.12254e-011
0.4,0.5,500,10,250,143.1,5.12791e-011,5.12791e-011
0.4,0.5,500,10,250,143.25,5.13329e-011,5.13329e-011
0.4,0.5,500,10,250,143.4,5.13866e-011,5.13866e-011
0.4,0.5,500,10,250,143.55,5.14404e-011,5.14404e-011
0.4,0.5,500,10,250,143.7,5.14941e-011,5.14941e-011
0.4,0.5,500,10,250,143.85,5.15479e-011,5.15479e-011
0.4,0.5,500,10,250,144,5.16016e-011,5.16016e-011
0.4,0.5,500,10,250,144.15,5.16554e-011,5.16554e-011
0.4,0.5,500,10,250,144.3,5.17091e-011,5.17091e-011
0.4,0.5,500,10,250,144.45,5.17629e-011,5.17629e-011
0.4,0.5,500,10,250,144.6,5.18166e-011,5.18166e-011
0.4,0.5,500,10,250,144.75,5.18704e-011,5.18704e-011
0.4,0.5,500,10,250,144.9,5.19241e-011,5.19241e-011
0.4,0.5,500,10,250,145.05,5.19779e-011,5.19779e-011
0.4,0.5,500,10,250,145.2,5.20316e-011,5.20316e-011
0.4,0.5,500,10,250,145.35,5.20854e-011,5.20854e-011
0.4,0.5,500,10,250,145.5,5.21391e-011,5.21391e-011
0.4,0.5,500,10,250,145.65,5.21929e-011,5.21929e-011
0.4,0.5,500,10,250,145.8,5.22466e-011,5.22466e-011
0.4,0.5,500,10,250,145.95,5.23004e-011,5.23004e-011
0.4,0.5,500,10,250,146.1,5.23541e-011,5.23541e-011
0.4,0.5,500,10,250,146.25,5.24079e-011,5.24079e-011
0.4,0.5,500,10,250,146.4,5.24616e-011,5.24616e-011
0.4,0.5,500,10,250,146.55,5.25154e-011,5.25154e-011
0.4,0.5,500,10,250,146.7,5.25691e-011,5.25691e-011
0.4,0.5,500,10,250,146.85,5.26229e-011,5.26229e-011
0.4,0.5,500,10,250,147,5.26766e-011,5.26766e-011
0.4,0.5,500,10,250,147.15,5.27304e-011,5.27304e-011
0.4,0.5,500,10,250,147.3,5.27842e-011,5.27842e-011
0.4,0.5,500,10,250,147.45,5.28379e-011,5.28379e-011
0.4,0.5,500,10,250,147.6,5.28917e-011,5.28917e-011
0.4,0.5,500,10,250,147.75,5.29454e-011,5.29454e-011
0.4,0.5,500,10,250,147.9,5.29992e-011,5.29992e-011
0.4,0.5,500,10,250,148.05,5.30529e-011,5.30529e-011
0.4,0.5,500,10,250,148.2,5.31067e-011,5.31067e-011
0.4,0.5,500,10,250,148.35,5.31604e-011,5.31604e-011
0.4,0.5,500,10,250,148.5,5.32142e-011,5.32142e-011
0.4,0.5,500,10,250,148.65,5.32679e-011,5.32679e-011
0.4,0.5,500,10,250,148.8,5.33217e-011,5.33217e-011
0.4,0.5,500,10,250,148.95,5.33754e-011,5.33754e-011
0.4,0.5,500,10,250,149.1,5.34292e-011,5.34292e-011
0.4,0.5,500,10,250,149.25,5.34829e-011,5.34829e-011
0.4,0.5,500,10,250,149.4,5.35367e-011,5.35367e-011
0.4,0.5,500,10,250,149.55,5.35904e-011,5.35904e-011
0.4,0.5,500,10,250,149.7,5.36442e-011,5.36442e-011
0.4,0.5,500,10,250,149.85,5.36979e-011,5.36979e-011
0.4,0.5,500,10,250,149.85,5.36979e-011,5.36979e-011
0.4,0.5,500,10,250,149.7,5.36442e-011,5.36442e-011
0.4,0.5,500,10,250,149.55,5.35904e-011,5.35904e-011
0.4,0.5,500,10,250,149.4,5.35367e-011,5.35367e-011
0.4,0.5,500,10,250,149.25,5.34829e-011,5.34829e-011
0.4,0.5,500,10,250,149.1,5.34292e-011,5.34292e-011
0.4,0.5,500,10,250,148.95,5.33754e-011,5.33754e-011
0.4,0.5,500,10,250,148.8,5.33217e-011,5.33217e-011
0.4,0.5,500,10,250,148.65,5.32679e-011,5.32679e-011
0.4,0.5,500,10,250,148.5,5.32142e-011,5.32142e-011
0.4,0.5,500,10,250,148.35,5.31604e-011,5.31604e-011
0.4,0.5,500,10,250,148.2,5.31067e-011,5.31067e-011
0.4,0.5,500,10,250,148.05,5.30529e-011,5.30529e-011
0.4,0.5,500,10,250,147.9,5.29992e-011,5.29992e-011
0.4,0.5,500,10,250,147.75,5.29454e-011,5.29454e-011
0.4,0.5,500,10,250,147.6,5.28917e-011,5.28917e-011
0.4,0.5,500,10,250,147.45,5.28379e-011,5.28379e-011
0.4,0.5,500,10,250,147.3,5.27842e-011,5.27842e-011
0.4,0.5,500,10,250,147.15,5.27304e-011,5.27304e-011
0.4,0.5,500,10,250,147,5.26766e-011,5.26766e-011
0.4,0.5,500,10,250,146.85,5.26229e-011,5.26229e-011
0.4,0.5,500,10,250,146.7,5.25691e-011,5.25691e-011
0.4,0.5,500,10,250,146.55,5.25154e-011,5.25154e-011
0.4,0.5,500,10,250,146.4,5.24616e-011,5.24616e-011
0.4,0.5,500,10,250,146.25,5.24079e-011,5.24079e-011
0.4,0.5,500,10,250,146.1,5.23541e-011,5.23541e-011
0.4,0.5,500,10,250,145.95,5.23004e-011,5.23004e-011
0.4,0.5,500,10,250,145.8,5.22466e-011,5.22466e-011
0.4,0.5,500,10,250,145.65,5.21929e-011,5.21929e-011
0.4,0.5,500,10,250,145.5,5.21391e-011,5.21391e-011
0.4,0.5,500,10,250,145.35,5.20854e-011,5.20854e-011
0.4,0.5,500,10,250,145.2,5.20316e-011,5.20316e-011
0.4,0.5,500,10,250,145.05,5.19779e-011,5.19779e-011
0.4,0.5,500,10,250,144.9,5.19241e-011,5.19241e-011
0.4,0.5,500,10,250,144.75,5.18704e-011,5.18704e-011
0.4,0.5,500,10,250,144.6,5.18166e-011,5.18166e-011
0.4,0.5,500,10,250,144.45,5.17629e-011,5.17629e-011
0.4,0.5,500,10,250,144.3,5.17091e-011,5.17091e-011
0.4,0.5,500,10,250,144.15,5.16554e-011,5.16554e-011
0.4,0.5,500,10,250,144,5.16016e-011,5.16016e-011
0.4,0.5,500,10,250,143.85,5.15479e-011,5.15479e-011
0.4,0.5,500,10,250,143.7,5.14941e-011,5.14941e-011
0.4,0.5,500,10,250,143.55,5.14404e-011,5.14404e-011
0.4,0.5,500,10,250,143.4,5.13866e-011,5.13866e-011
0.4,0.5,500,10,250,143.25,5.13329e-011,5.13329e-011
0.4,0.5,500,10,250,143.1,5.12791e-011,5.12791e-011
0.4,0.5,500,10,250,142.95,5.12254e-011,5.12254e-011
0.4,0.5,500,10,250,142.8,5.11716e-011,5.11716e-011
0.4,0.5,500,10,250,142.65,5.11178e-011,5.11178e-011
0.4,0.5,500,10,250,142.5,5.10641e-011,5.10641e-011
0.4,0.5,500,10,250,142.35,5.10103e-011,5.10103e-011
0.4,0.5,500,10,250,142.2,5.09566e-011,5.09566e-011
0.4,0.5,500,10,250,142.05,5.09028e-011,5.09028e-011
0.4,0.5,500,10,250,141.9,5.08491e-011,5.08491e-011
0.4,0.5,500,10,250,141.75,5.07953e-011,5.07953e-011
0.4,0.5,500,10,250,141.6,5.07416e-011,5.07416e-011
0.4,0.5,500,10,250,141.45,5.06878e-011,5.06878e-011
0.4,0.5,500,10,250,141.3,5.06341e-011,5.06341e-011
0.4,0.5,500,10,250,141.15,5.05803e-011,5.05803e-011
0.4,0.5,500,10,250,141,5.05266e-011,5.05266e-011
0.4,0.5,500,10,250,140.85,5.04728e-011,5.04728e-011
0.4,0.5,500,10,250,140.7,5.04191e-011,5.04191e-011
0.4,0.5,500,10,250,140.55,5.03653e-011,5.03653e-011
0.4,0.5,500,10,250,140.4,5.03116e-011,5.03116e-011
0.4,0.5,500,10,250,140.25,5.02578e-011,5.02578e-011
0.4,0.5,500,10,250,140.1,5.02041e-011,5.02041e-011
0.4,0.5,500,10,250,139.95,5.01503e-011,5.01503e-011
0.4,0.5,500,10,250,139.8,5.00966e-011,5.00966e-011
0.4,0.5,500,10,250,139.65,5.00428e-011,5.00428e-011
0.4,0.5,500,10,250,139.5,4.99891e-011,4.99891e-011
0.4,0.5,500,10,250,139.35,4.99353e-011,4.99353e-011
0.4,0.5,500,10,250,139.2,4.98816e-011,4.98816e-011
0.4,0.5,500,10,250,139.05,4.98278e-011,4.98278e-011
0.4,0.5,500,10,250,138.9,4.97741e-011,4.97741e-011
0.4,0.5,500,10,250,138.75,4.97203e-011,4.97203e-011
0.4,0.5,500,10,250,138.6,4.96666e-011,4.96666e-011
0.4,0.5,500,10,250,138.45,4.96128e-011,4.96128e-011
0.4,0.5,500,10,250,138.3,4.9559e-011,4.9559e-011
0.4,0.5,500,10,250,138.15,4.95053e-011,4.95053e-011
0.4,0.5,500,10,250,138,4.94515e-011,4.94515e-011
0.4,0.5,500,10,250,137.85,4.93978e-011,4.93978e-011
0.4,0.5,500,10,250,137.7,4.9344e-011,4.9344e-011
0.4,0.5,500,10,250,137.55,4.92903e-011,4.92903e-011
0.4,0.5,500,10,250,137.4,4.92365e-011,4.92365e-011
0.4,0.5,500,10,250,137.25,4.91828e-011,4.91828e-011
0.4,0.5,500,10,250,137.1,4.9129e-011,4.9129e-011
0.4,0.5,500,10,250,136.95,4.90753e-011,4.90753e-011
0.4,0.5,500,10,250,136.8,4.90215e-011,4.90215e-011
0.4,0.5,500,10,250,136.65,4.89678e-011,4.89678e-011
0.4,0.5,500,10,250,136.5,4.8914e-011,4.8914e-011
0.4,0.5,500,10,250,136.35,4.88603e-011,4.88603e-011
0.4,0.5,500,10,250,136.2,4.88065e-011,4.88065e-011
0.4,0.5,500,10,250,136.05,4.87528e-011,4.87528e-011
0.4,0.5,500,10,250,135.9,4.8699e-011,4.8699e-011
0.4,0.5,500,10,250,135.75,4.86453e-011,4.86453e-011
0.4,0.5,500,10,250,135.6,4.85915e-011,4.85915e-011
0.4,0.5,500,10,250,135.45,4.85378e-011,4.85378e-011
0.4,0.5,500,10,250,135.3,4.8484e-011,4.8484e-011
0.4,0.5,500,10,250,135.15,4.84303e-011,4.84303e-011
0.4,0.5,500,10,250,135,4.83765e-011,4.83765e-011
0.4,0.5,500,10,250,134.85,4.83228e-011,4.83228e-011
0.4,0.5,500,10,250,134.7,4.8269e-011,4.8269e-011
0.4,0.5,500,10,250,134.55,4.82153e-011,4.82153e-011
0.4,0.5,500,10,250,134.4,4.81615e-011,4.81615e-011
0.4,0.5,500,10,250,134.25,4.81078e-011,4.81078e-011
0.4,0.5,500,10,250,134.1,4.8054e-011,4.8054e-011
0.4,0.5,500,10,250,133.95,4.80003e-011,4.80003e-011
0.4,0.5,500,10,250,133.8,4.79465e-011,4.79465e-011
0.4,0.5,500,10,250,133.65,4.78927e-011,4.78927e-011
0.4,0.5,500,10,250,133.5,4.7839e-011,4.7839e-011
0.4,0.5,500,10,250,133.35,4.77852e-011,4.77852e-011
0.4,0.5,500,10,250,133.2,4.77315e-011,4.77315e-011
0.4,0.5,500,10,250,133.05,4.76777e-011,4.76777e-011
0.4,0.5,500,10,250,132.9,4.7624e-011,4.7624e-011
0.4,0.5,500,10,250,132.75,4.75702e-011,4.75702e-011
0.4,0.5,500,10,250,132.6,4.75165e-011,4.75165e-011
0.4,0.5,500,10,250,132.45,4.74627e-011,4.74627e-011
0.4,0.5,500,10,250,132.3,4.7409e-011,4.7409e-011
0.4,0.5,500,10,250,132.15,4.73552e-011,4.73552e-011
0.4,0.5,500,10,250,132,4.73015e-011,4.73015e-011
0.4,0.5,500,10,250,131.85,4.72477e-011,4.72477e-011
0.4,0.5,500,10,250,131.7,4.7194e-011,4.7194e-011
0.4,0.5,500,10,250,131.55,4.71402e-011,4.71402e-011
0.4,0.5,500,10,250,131.4,4.70865e-011,4.70865e-011
0.4,0.5,500,10,250,131.25,4.70327e-011,4.70327e-011
0.4,0.5,500,10,250,131.1,4.6979e-011,4.6979e-011
0.4,0.5,500,10,250,130.95,4.69252e-011,4.69252e-011
0.4,0.5,500,10,250,130.8,4.68715e-011,4.68715e-011
0.4,0.5,500,10,250,130.65,4.68177e-011,4.68177e-011
0.4,0.5,500,10,250,130.5,4.6764e-011,4.6764e-011
0.4,0.5,500,10,250,130.35,4.67102e-011,4.67102e-011
0.4,0.5,500,10,250,130.2,4.66565e-011,4.66565e-011
0.4,0.5,500,10,250,130.05,4.66027e-011,4.66027e-011
0.4,0.5,500,10,250,129.9,4.6549e-011,4.6549e-011
0.4,0.5,500,10,250,129.75,4.64952e-011,4.64952e-011
0.4,0.5,500,10,250,129.6,4.64415e-011,4.64415e-011
0.4,0.5,500,10,250,129.45,4.63877e-011,4.63877e-011
0.4,0.5,500,10,250,129.3,4.63339e-011,4.63339e-011
0.4,0.5,500,10,250,129.15,4.62802e-011,4.62802e-011
0.4,0.5,500,10,250,129,4.62264e-011,4.62264e-011
0.4,0.5,500,10,250,128.85,4.61727e-011,4.61727e-011
0.4,0.5,500,10,250,128.7,4.61189e-011,4.61189e-011
0.4,0.5,500,10,250,128.55,4.60652e-011,4.60652e-011
0.4,0.5,500,10,250,128.4,4.60114e-011,4.60114e-011
0.4,0.5,500,10,250,128.25,4.59577e-011,4.59577e-011
0.4,0.5,500,10,250,128.1,4.59039e-011,4.59039e-011
0.4,0.5,500,10,250,127.95,4.58502e-011,4.58502e-011
0.4,0.5,500,10,250,127.8,4.57964e-011,4.57964e-011
0.4,0.5,500,10,250,127.65,4.57427e-011,4.57427e-011
0.4,0.5,500,10,250,127.5,4.56889e-011,4.56889e-011
0.4,0.5,500,10,250,127.35,4.56352e-011,4.56352e-011
0.4,0.5,500,10,250,127.2,4.55814e-011,4.55814e-011
0.4,0.5,500,10,250,127.05,4.55277e-011,4.55277e-011
0.4,0.5,500,10,250,126.9,4.54739e-011,4.54739e-011
0.4,0.5,500,10,250,126.75,4.54202e-011,4.54202e-011
0.4,0.5,500,10,250,126.6,4.53664e-011,4.53664e-011
0.4,0.5,500,10,250,126.45,4.53127e-011,4.53127e-011
0.4,0.5,500,10,250,126.3,4.52589e-011,4.52589e-011
0.4,0.5,500,10,250,126.15,4.52052e-011,4.52052e-011
0.4,0.5,500,10,250,126,4.51514e-011,4.51514e-011
0.4,0.5,500,10,250,125.85,4.50977e-011,4.50977e-011
0.4,0.5,500,10,250,125.7,4.50439e-011,4.50439e-011
0.4,0.5,500,10,250,125.55,4.49902e-011,4.49902e-011
0.4,0.5,500,10,250,125.4,4.49364e-011,4.49364e-011
0.4,0.5,500,10,250,125.25,4.48827e-011,4.48827e-011
0.4,0.5,500,10,250,125.1,4.48289e-011,4.48289e-011
0.4,0.5,500,10,250,124.95,4.47752e-011,4.47752e-011
0.4,0.5,500,10,250,124.8,4.47214e-011,4.47214e-011
0.4,0.5,500,10,250,124.65,4.46676e-011,4.46676e-011
0.4,0.5,500,10,250,124.5,4.46139e-011,4.46139e-011
0.4,0.5,500,10,250,124.35,4.45601e-011,4.45601e-011
0.4,0.5,500,10,250,124.2,4.45064e-011,4.45064e-011
0.4,0.5,500,10,250,124.05,4.44526e-011,4.44526e-011
0.4,0.5,500,10,250,123.9,4.43989e-011,4.43989e-011
0.4,0.5,500,10,250,123.75,4.43451e-011,4.43451e-011
0.4,0.5,500,10,250,123.6,4.42914e-011,4.42914e-011
0.4,0.5,500,10,250,123.45,4.42376e-011,4.42376e-011
0.4,0.5,500,10,250,123.3,4.41839e-011,4.41839e-011
0.4,0.5,500,10,250,123.15,4.41301e-011,4.41301e-011
0.4,0.5,500,10,250,123,4.40764e-011,4.40764e-011
0.4,0.5,500,10,250,122.85,4.40226e-011,4.40226e-011
0.4,0.5,500,10,250,122.7,4.39689e-011,4.39689e-011
0.4,0.5,500,10,250,122.55,4.39151e-011,4.39151e-011
0.4,0.5,500,10,250,122.4,4.38614e-011,4.38614e-011
0.4,0.5,500,10,250,122.25,4.38076e-011,4.38076e-011
0.4,0.5,500,10,250,122.1,4.37539e-011,4.37539e-011
0.4,0.5,500,10,250,121.95,4.37001e-011,4.37001e-011
0.4,0.5,500,10,250,121.8,4.36464e-011,4.36464e-011
0.4,0.5,500,10,250,121.65,4.35926e-011,4.35926e-011
0.4,0.5,500,10,250,121.5,4.35389e-011,4.35389e-011
0.4,0.5,500,10,250,121.35,4.34851e-011,4.34851e-011
0.4,0.5,500,10,250,121.2,4.34314e-011,4.34314e-011
0.4,0.5,500,10,250,121.05,4.33776e-011,4.33776e-011
0.4,0.5,500,10,250,120.9,4.33239e-011,4.33239e-011
0.4,0.5,500,10,250,120.75,4.32701e-011,4.32701e-011
0.4,0.5,500,10,250,120.6,4.32164e-011,4.32164e-011
0.4,0.5,500,10,250,120.45,4.31626e-011,4.31626e-011
0.4,0.5,500,10,250,120.3,4.31088e-011,4.31088e-011
0.4,0.5,500,10,250,120.15,4.30551e-011,4.30551e-011
0.4,0.5,500,10,250,120,4.30013e-011,4.30013e-011
0.4,0.5,500,10,250,119.85,4.29476e-011,4.29476e-011
0.4,0.5,500,10,250,119.7,4.28938e-011,4.28938e-011
0.4,0.5,500,10,250,119.55,4.28401e-011,4.28401e-011
0.4,0.5,500,10,250,119.4,4.27863e-011,4.27863e-011
0.4,0.5,500,10,250,119.25,4.27326e-011,4.27326e-011
0.4,0.5,500,10,250,119.1,4.26788e-011,4.26788e-011
0.4,0.5,500,10,250,118.95,4.26251e-011,4.26251e-011
0.4,0.5,500,10,250,118.8,4.25713e-011,4.25713e-011
0.4,0.5,500,10,250,118.65,4.25176e-011,4.25176e-011
0.4,0.5,500,10,250,118.5,4.24638e-011,4.24638e-011
0.4,0.5,500,10,250,118.35,4.24101e-011,4.24101e-011
0.4,0.5,500,10,250,118.2,4.23563e-011,4.23563e-011
0.4,0.5,500,10,250,118.05,4.23026e-011,4.23026e-011
0.4,0.5,500,10,250,117.9,4.22488e-011,4.22488e-011
0.4,0.5,500,10,250,117.75,4.21951e-011,4.21951e-011
0.4,0.5,500,10,250,117.6,4.21413e-011,4.21413e-011
0.4,0.5,500,10,250,117.45,4.20876e-011,4.20876e-011
0.4,0.5,500,10,250,117.3,4.20338e-011,4.20338e-011
0.4,0.5,500,10,250,117.15,4.19801e-011,4.19801e-011
0.4,0.5,500,10,250,117,4.19263e-011,4.19263e-011
0.4,0.5,500,10,250,116.85,4.18726e-011,4.18726e-011
0.4,0.5,500,10,250,116.7,4.18188e-011,4.18188e-011
0.4,0.5,500,10,250,116.55,4.17651e-011,4.17651e-011
0.4,0.5,500,10,250,116.4,4.17113e-011,4.17113e-011
0.4,0.5,500,10,250,116.25,4.16576e-011,4.16576e-011
0.4,0.5,500,10,250,116.1,4.16038e-011,4.16038e-011
0.4,0.5,500,10,250,115.95,4.155e-011,4.155e-011
0.4,0.5,500,10,250,115.8,4.14963e-011,4.14963e-011
0.4,0.5,500,10,250,115.65,4.14425e-011,4.14425e-011
0.4,0.5,500,10,250,115.5,4.13888e-011,4.13888e-011
0.4,0.5,500,10,250,115.35,4.1335e-011,4.1335e-011
0.4,0.5,500,10,250,115.2,4.12813e-011,4.12813e-011
0.4,0.5,500,10,250,115.05,4.12275e-011,4.12275e-011
0.4,0.5,500,10,250,114.9,4.11738e-011,4.11738e-011
0.4,0.5,500,10,250,114.75,4.112e-011,4.112e-011
0.4,0.5,500,10,250,114.6,4.10663e-011,4.10663e-011
0.4,0.5,500,10,250,114.45,4.10125e-011,4.10125e-011
0.4,0.5,500,10,250,114.3,4.09588e-011,4.09588e-011
0.4,0.5,500,10,250,114.15,4.0905e-011,4.0905e-011
0.4,0.5,500,10,250,114,4.08513e-011,4.08513e-011
0.4,0.5,500,10,250,113.85,4.07975e-011,4.07975e-011
0.4,0.5,500,10,250,113.7,4.07438e-011,4.07438e-011
0.4,0.5,500,10,250,113.55,4.069e-011,4.069e-011
0.4,0.5,500,10,250,113.4,4.06363e-011,4.06363e-011
0.4,0.5,500,10,250,113.25,4.05825e-011,4.05825e-011
0.4,0.5,500,10,250,113.1,4.05288e-011,4.05288e-011
0.4,0.5,500,10,250,112.95,4.0475e-011,4.0475e-011
0.4,0.5,500,10,250,112.8,4.04213e-011,4.04213e-011
0.4,0.5,500,10,250,112.65,4.03675e-011,4.03675e-011
0.4,0.5,500,10,250,112.5,4.03138e-011,4.03138e-011
0.4,0.5,500,10,250,112.35,4.026e-011,4.026e-011
0.4,0.5,500,10,250,112.2,4.02063e-011,4.02063e-011
0.4,0.5,500,10,250,112.05,4.01525e-011,4.01525e-011
0.4,0.5,500,10,250,111.9,4.00988e-011,4.00988e-011
0.4,0.5,500,10,250,111.75,4.0045e-011,4.0045e-011
0.4,0.5,500,10,250,111.6,3.99913e-011,3.99913e-011
0.4,0.5,500,10,250,111.45,3.99375e-011,3.99375e-011
0.4,0.5,500,10,250,111.3,3.98837e-011,3.98837e-011
0.4,0.5,500,10,250,111.15,3.983e-011,3.983e-011
0.4,0.5,500,10,250,111,3.97762e-011,3.97762e-011
0.4,0.5,500,10,250,110.85,3.97225e-011,3.97225e-011
0.4,0.5,500,10,250,110.7,3.96687e-011,3.96687e-011
0.4,0.5,500,10,250,110.55,3.9615e-011,3.9615e-011
0.4,0.5,500,10,250,110.4,3.95612e-011,3.95612e-011
0.4,0.5,500,10,250,110.25,3.95075e-011,3.95075e-011
0.4,0.5,500,10,250,110.1,3.94537e-011,3.94537e-011
0.4,0.5,500,10,250,109.95,3.94e-011,3.94e-011
0.4,0.5,500,10,250,109.8,3.93462e-011,3.93462e-011
0.4,0.5,500,10,250,109.65,3.92925e-011,3.92925e-011
0.4,0.5,500,10,250,109.5,3.92387e-011,3.92387e-011
0.4,0.5,500,10,250,109.35,3.9185e-011,3.9185e-011
0.4,0.5,500,10,250,109.2,3.91312e-011,3.91312e-011
0.4,0.5,500,10,250,109.05,3.90775e-011,3.90775e-011
0.4,0.5,500,10,250,108.9,3.90237e-011,3.90237e-011
0.4,0.5,500,10,250,108.75,3.897e-011,3.897e-011
0.4,0.5,500,10,250,108.6,3.89162e-011,3.89162e-011
0.4,0.5,500,10,250,108.45,3.88625e-011,3.88625e-011
0.4,0.5,500,10,250,108.3,3.88087e-011,3.88087e-011
0.4,0.5,500,10,250,108.15,3.8755e-011,3.8755e-011
0.4,0.5,500,10,250,108,3.87012e-011,3.87012e-011
0.4,0.5,500,10,250,107.85,3.86475e-011,3.86475e-011
0.4,0.5,500,10,250,107.7,3.85937e-011,3.85937e-011
0.4,0.5,500,10,250,107.55,3.854e-011,3.854e-011
0.4,0.5,500,10,250,107.4,3.84862e-011,3.84862e-011
0.4,0.5,500,10,250,107.25,3.84325e-011,3.84325e-011
0.4,0.5,500,10,250,107.1,3.83787e-011,3.83787e-011
0.4,0.5,500,10,250,106.95,3.83249e-011,3.83249e-011
0.4,0.5,500,10,250,106.8,3.82712e-011,3.82712e-011
0.4,0.5,500,10,250,106.65,3.82174e-011,3.82174e-011
0.4,0.5,500,10,250,106.5,3.81637e-011,3.81637e-011
0.4,0.5,500,10,250,106.35,3.81099e-011,3.81099e-011
0.4,0.5,500,10,250,106.2,3.80562e-011,3.80562e-011
0.4,0.5,500,10,250,106.05,3.80024e-011,3.80024e-011
0.4,0.5,500,10,250,105.9,3.79487e-011,3.79487e-011
0.4,0.5,500,10,250,105.75,3.78949e-011,3.78949e-011
0.4,0.5,500,10,250,105.6,3.78412e-011,3.78412e-011
0.4,0.5,500,10,250,105.45,3.77874e-011,3.77874e-011
0.4,0.5,500,10,250,105.3,3.77337e-011,3.77337e-011
0.4,0.5,500,10,250,105.15,3.76799e-011,3.76799e-011
0.4,0.5,500,10,250,105,3.76262e-011,3.76262e-011
0.4,0.5,500,10,250,104.85,3.75724e-011,3.75724e-011
0.4,0.5,500,10,250,104.7,3.75187e-011,3.75187e-011
0.4,0.5,500,10,250,104.55,3.74649e-011,3.74649e-011
0.4,0.5,500,10,250,104.4,3.74112e-011,3.74112e-011
0.4,0.5,500,10,250,104.25,3.73574e-011,3.73574e-011
0.4,0.5,500,10,250,104.1,3.73037e-011,3.73037e-011
0.4,0.5,500,10,250,103.95,3.72499e-011,3.72499e-011
0.4,0.5,500,10,250,103.8,3.71962e-011,3.71962e-011
0.4,0.5,500,10,250,103.65,3.71424e-011,3.71424e-011
0.4,0.5,500,10,250,103.5,3.70887e-011,3.70887e-011
0.4,0.5,500,10,250,103.35,3.70349e-011,3.70349e-011
0.4,0.5,500,10,250,103.2,3.69812e-011,3.69812e-011
0.4,0.5,500,10,250,103.05,3.69274e-011,3.69274e-011
0.4,0.5,500,10,250,102.9,3.68737e-011,3.68737e-011
0.4,0.5,500,10,250,102.75,3.68199e-011,3.68199e-011
0.4,0.5,500,10,250,102.6,3.67661e-011,3.67661e-011
0.4,0.5,500,10,250,102.45,3.67124e-011,3.67124e-011
0.4,0.5,500,10,250,102.3,3.66586e-011,3.66586e-011
0.4,0.5,500,10,250,102.15,3.66049e-011,3.66049e-011
0.4,0.5,500,10,250,102,3.65511e-011,3.65511e-011
0.4,0.5,500,10,250,101.85,3.64974e-011,3.64974e-011
0.4,0.5,500,10,250,101.7,3.64436e-011,3.64436e-011
0.4,0.5,500,10,250,101.55,3.63899e-011,3.63899e-011
0.4,0.5,500,10,250,101.4,3.63361e-011,3.63361e-011
0.4,0.5,500,10,250,101.25,3.62824e-011,3.62824e-011
0.4,0.5,500,10,250,101.1,3.62286e-011,3.62286e-011
0.4,0.5,500,10,250,100.95,3.61749e-011,3.61749e-011
0.4,0.5,500,10,250,100.8,3.61211e-011,3.61211e-011
0.4,0.5,500,10,250,100.65,3.60674e-011,3.60674e-011
0.4,0.5,500,10,250,100.5,3.60136e-011,3.60136e-011
0.4,0.5,500,10,250,100.35,3.59599e-011,3.59599e-011
0.4,0.5,500,10,250,100.2,3.59061e-011,3.59061e-011
0.4,0.5,500,10,250,100.05,3.58524e-011,3.58524e-011
0.4,0.5,500,10,250,99.9,3.57986e-011,3.57986e-011
0.4,0.5,500,10,250,99.75,3.57449e-011,3.57449e-011
0.4,0.5,500,10,250,99.6,3.56911e-011,3.56911e-011
0.4,0.5,500,10,250,99.45,3.56374e-011,3.56374e-011
0.4,0.5,500,10,250,99.3,3.55836e-011,3.55836e-011
0.4,0.5,500,10,250,99.15,3.55299e-011,3.55299e-011
0.4,0.5,500,10,250,99,3.54761e-011,3.54761e-011
0.4,0.5,500,10,250,98.85,3.54224e-011,3.54224e-011
0.4,0.5,500,10,250,98.7,3.53686e-011,3.53686e-011
0.4,0.5,500,10,250,98.55,3.53149e-011,3.53149e-011
0.4,0.5,500,10,250,98.4,3.52611e-011,3.52611e-011
0.4,0.5,500,10,250,98.25,3.52074e-011,3.52074e-011
0.4,0.5,500,10,250,98.1,3.51536e-011,3.51536e-011
0.4,0.5,500,10,250,97.95,3.50998e-011,3.50998e-011
0.4,0.5,500,10,250,97.8,3.50461e-011,3.50461e-011
0.4,0.5,500,10,250,97.65,3.49923e-011,3.49923e-011
0.4,0.5,500,10,250,97.5,3.49386e-011,3.49386e-011
0.4,0.5,500,10,250,97.35,3.48848e-011,3.48848e-011
0.4,0.5,500,10,250,97.2,3.48311e-011,3.48311e-011
0.4,0.5,500,10,250,97.05,3.47773e-011,3.47773e-011
0.4,0.5,500,10,250,96.9,3.47236e-011,3.47236e-011
0.4,0.5,500,10,250,96.75,3.46698e-011,3.46698e-011
0.4,0.5,500,10,250,96.6,3.46161e-011,3.46161e-011
0.4,0.5,500,10,250,96.45,3.45623e-011,3.45623e-011
0.4,0.5,500,10,250,96.3,3.45086e-011,3.45086e-011
0.4,0.5,500,10,250,96.15,3.44548e-011,3.44548e-011
0.4,0.5,500,10,250,96,3.44011e-011,3.44011e-011
0.4,0.5,500,10,250,95.85,3.43473e-011,3.43473e-011
0.4,0.5,500,10,250,95.7,3.42936e-011,3.42936e-011
0.4,0.5,500,10,250,95.55,3.42398e-011,3.42398e-011
0.4,0.5,500,10,250,95.4,3.41861e-011,3.41861e-011
0.4,0.5,500,10,250,95.25,3.41323e-011,3.41323e-011
0.4,0.5,500,10,250,95.1,3.40786e-011,3.40786e-011
0.4,0.5,500,10,250,94.95,3.40248e-011,3.40248e-011
0.4,0.5,500,10,250,94.8,3.39711e-011,3.39711e-011
0.4,0.5,500,10,250,94.65,3.39173e-011,3.39173e-011
0.4,0.5,500,10,250,94.5,3.38636e-011,3.38636e-011
0.4,0.5,500,10,250,94.35,3.38098e-011,3.38098e-011
0.4,0.5,500,10,250,94.2,3.37561e-011,3.37561e-011
0.4,0.5,500,10,250,94.05,3.37023e-011,3.37023e-011
0.4,0.5,500,10,250,93.9,3.36486e-011,3.36486e-011
0.4,0.5,500,10,250,93.75,3.35948e-011,3.35948e-011
0.4,0.5,500,10,250,93.6,3.3541e-011,3.3541e-011
0.4,0.5,500,10,250,93.45,3.34873e-011,3.34873e-011
0.4,0.5,500,10,250,93.3,3.34335e-011,3.34335e-011
0.4,0.5,500,10,250,93.15,3.33798e-011,3.33798e-011
0.4,0.5,500,10,250,93,3.3326e-011,3.3326e-011
0.4,0.5,500,10,250,92.85,3.32723e-011,3.32723e-011
0.4,0.5,500,10,250,92.7,3.32185e-011,3.32185e-011
0.4,0.5,500,10,250,92.55,3.31648e-011,3.31648e-011
0.4,0.5,500,10,250,92.4,3.3111e-011,3.3111e-011
0.4,0.5,500,10,250,92.25,3.30573e-011,3.30573e-011
0.4,0.5,500,10,250,92.1,3.30035e-011,3.30035e-011
0.4,0.5,500,10,250,91.95,3.29498e-011,3.29498e-011
0.4,0.5,500,10,250,91.8,3.2896e-011,3.2896e-011
0.4,0.5,500,10,250,91.65,3.28423e-011,3.28423e-011
0.4,0.5,500,10,250,91.5,3.27885e-011,3.27885e-011
0.4,0.5,500,10,250,91.35,3.27348e-011,3.27348e-011
0.4,0.5,500,10,250,91.2,3.2681e-011,3.2681e-011
0.4,0.5,500,10,250,91.05,3.26273e-011,3.26273e-011
0.4,0.5,500,10,250,90.9,3.25735e-011,3.25735e-011
0.4,0.5,500,10,250,90.75,3.25198e-011,3.25198e-011
0.4,0.5,500,10,250,90.6,3.2466e-011,3.2466e-011
0.4,0.5,500,10,250,90.45,3.24123e-011,3.24123e-011
0.4,0.5,500,10,250,90.3,3.23585e-011,3.23585e-011
0.4,0.5,500,10,250,90.15,3.23048e-011,3.23048e-011
0.4,0.5,500,10,250,90,3.2251e-011,3.2251e-011
0.4,0.5,500,10,250,89.85,3.21973e-011,3.21973e-011
0.4,0.5,500,10,250,89.7,3.21435e-011,3.21435e-011
0.4,0.5,500,10,250,89.55,3.20898e-011,3.20898e-011
0.4,0.5,500,10,250,89.4,3.2036e-011,3.2036e-011
0.4,0.5,500,10,250,89.25,3.19823e-011,3.19823e-011
0.4,0.5,500,10,250,89.1,3.19285e-011,3.19285e-011
0.4,0.5,500,10,250,88.95,3.18747e-011,3.18747e-011
0.4,0.5,500,10,250,88.8,3.1821e-011,3.1821e-011
0.4,0.5,500,10,250,88.65,3.17672e-011,3.17672e-011
0.4,0.5,500,10,250,88.5,3.17135e-011,3.17135e-011
0.4,0.5,500,10,250,88.35,3.16597e-011,3.16597e-011
0.4,0.5,500,10,250,88.2,3.1606e-011,3.1606e-011
0.4,0.5,500,10,250,88.05,3.15522e-011,3.15522e-011
0.4,0.5,500,10,250,87.9,3.14985e-011,3.14985e-011
0.4,0.5,500,10,250,87.75,3.14447e-011,3.14447e-011
0.4,0.5,500,10,250,87.6,3.1391e-011,3.1391e-011
0.4,0.5,500,10,250,87.45,3.13372e-011,3.13372e-011
0.4,0.5,500,10,250,87.3,3.12835e-011,3.12835e-011
0.4,0.5,500,10,250,87.15,3.12297e-011,3.12297e-011
0.4,0.5,500,10,250,87,3.1176e-011,3.1176e-011
0.4,0.5,500,10,250,86.85,3.11222e-011,3.11222e-011
0.4,0.5,500,10,250,86.7,3.10685e-011,3.10685e-011
0.4,0.5,500,10,250,86.55,3.10147e-011,3.10147e-011
0.4,0.5,500,10,250,86.4,3.0961e-011,3.0961e-011
0.4,0.5,500,10,250,86.25,3.09072e-011,3.09072e-011
0.4,0.5,500,10,250,86.1,3.08535e-011,3.08535e-011
0.4,0.5,500,10,250,85.95,3.07997e-011,3.07997e-011
0.4,0.5,500,10,250,85.8,3.0746e-011,3.0746e-011
0.4,0.5,500,10,250,85.65,3.06922e-011,3.06922e-011
0.4,0.5,500,10,250,85.5,3.06385e-011,3.06385e-011
0.4,0.5,500,10,250,85.35,3.05847e-011,3.05847e-011
0.4,0.5,500,10,250,85.2,3.0531e-011,3.0531e-011
0.4,0.5,500,10,250,85.05,3.04772e-011,3.04772e-011
0.4,0.5,500,10,250,84.9,3.04235e-011,3.04235e-011
0.4,0.5,500,10,250,84.75,3.03697e-011,3.03697e-011
0.4,0.5,500,10,250,84.6,3.03159e-011,3.03159e-011
0.4,0.5,500,10,250,84.45,3.02622e-011,3.02622e-011
0.4,0.5,500,10,250,84.3,3.02084e-011,3.02084e-011
0.4,0.5,500,10,250,84.15,3.01547e-011,3.01547e-011
0.4,0.5,500,10,250,84,3.01009e-011,3.01009e-011
0.4,0.5,500,10,250,83.85,3.00472e-011,3.00472e-011
0.4,0.5,500,10,250,83.7,2.99934e-011,2.99934e-011
0.4,0.5,500,10,250,83.55,2.99397e-011,2.99397e-011
0.4,0.5,500,10,250,83.4,2.98859e-011,2.98859e-011
0.4,0.5,500,10,250,83.25,2.98322e-011,2.98322e-011
0.4,0.5,500,10,250,83.1,2.97784e-011,2.97784e-011
0.4,0.5,500,10,250,82.95,2.97247e-011,2.97247e-011
0.4,0.5,500,10,250,82.8,2.96709e-011,2.96709e-011
0.4,0.5,500,10,250,82.65,2.96172e-011,2.96172e-011
0.4,0.5,500,10,250,82.5,2.95634e-011,2.95634e-011
0.4,0.5,500,10,250,82.35,2.95097e-011,2.95097e-011
0.4,0.5,500,10,250,82.2,2.94559e-011,2.94559e-011
0.4,0.5,500,10,250,82.05,2.94022e-011,2.94022e-011
0.4,0.5,500,10,250,81.9,2.93484e-011,2.93484e-011
0.4,0.5,500,10,250,81.75,2.92947e-011,2.92947e-011
0.4,0.5,500,10,250,81.6,2.92409e-011,2.92409e-011
0.4,0.5,500,10,250,81.45,2.91872e-011,2.91872e-011
0.4,0.5,500,10,250,81.3,2.91334e-011,2.91334e-011
0.4,0.5,500,10,250,81.15,2.90797e-011,2.90797e-011
0.4,0.5,500,10,250,81,2.90259e-011,2.90259e-011
0.4,0.5,500,10,250,80.85,2.89722e-011,2.89722e-011
0.4,0.5,500,10,250,80.7,2.89184e-011,2.89184e-011
0.4,0.5,500,10,250,80.55,2.88647e-011,2.88647e-011
0.4,0.5,500,10,250,80.4,2.88109e-011,2.88109e-011
0.4,0.5,500,10,250,80.25,2.87571e-011,2.87571e-011
0.4,0.5,500,10,250,80.1,2.87034e-011,2.87034e-011
0.4,0.5,500,10,250,79.95,2.86496e-011,2.86496e-011
0.4,0.5,500,10,250,79.8,2.85959e-011,2.85959e-011
0.4,0.5,500,10,250,79.65,2.85421e-011,2.85421e-011
0.4,0.5,500,10,250,79.5,2.84884e-011,2.84884e-011
0.4,0.5,500,10,250,79.35,2.84346e-011,2.84346e-011
0.4,0.5,500,10,250,79.2,2.83809e-011,2.83809e-011
0.4,0.5,500,10,250,79.05,2.83271e-011,2.83271e-011
0.4,0.5,500,10,250,78.9,2.82734e-011,2.82734e-011
0.4,0.5,500,10,250,78.75,2.82196e-011,2.82196e-011
0.4,0.5,500,10,250,78.6,2.81659e-011,2.81659e-011
0.4,0.5,500,10,250,78.45,2.81121e-011,2.81121e-011
0.4,0.5,500,10,250,78.3,2.80584e-011,2.80584e-011
0.4,0.5,500,10,250,78.15,2.80046e-011,2.80046e-011
0.4,0.5,500,10,250,78,2.79509e-011,2.79509e-011
0.4,0.5,500,10,250,77.85,2.78971e-011,2.78971e-011
0.4,0.5,500,10,250,77.7,2.78434e-011,2.78434e-011
0.4,0.5,500,10,250,77.55,2.77896e-011,2.77896e-011
0.4,0.5,500,10,250,77.4,2.77359e-011,2.77359e-011
0.4,0.5,500,10,250,77.25,2.76821e-011,2.76821e-011
0.4,0.5,500,10,250,77.1,2.76284e-011,2.76284e-011
0.4,0.5,500,10,250,76.95,2.75746e-011,2.75746e-011
0.4,0.5,500,10,250,76.8,2.75209e-011,2.75209e-011
0.4,0.5,500,10,250,76.65,2.74671e-011,2.74671e-011
0.4,0.5,500,10,250,76.5,2.74134e-011,2.74134e-011
0.4,0.5,500,10,250,76.35,2.73596e-011,2.73596e-011
0.4,0.5,500,10,250,76.2,2.73059e-011,2.73059e-011
0.4,0.5,500,10,250,76.05,2.72521e-011,2.72521e-011
0.4,0.5,500,10,250,75.9,2.71984e-011,2.71984e-011
0.4,0.5,500,10,250,75.75,2.71446e-011,2.71446e-011
0.4,0.5,500,10,250,75.6,2.70908e-011,2.70908e-011
0.4,0.5,500,10,250,75.45,2.70371e-011,2.70371e-011
0.4,0.5,500,10,250,75.3,2.69833e-011,2.69833e-011
0.4,0.5,500,10,250,75.15,2.69296e-011,2.69296e-011
0.4,0.5,500,10,250,75,2.68758e-011,2.68758e-011
